lastAccountName: Iko_Kunn
timestamps:
  login: 1607620916229
  lastteleport: 1607622669071
  logout: 1607623490921
ipAddress: 26.217.94.174
lastlocation:
  world: world
  x: -478.3837850380111
  y: 14.0
  z: -36.30000001192093
  yaw: -175.22186
  pitch: 52.72771
nickname: Dream
logoutlocation:
  world: world
  x: -713.1895382045673
  y: 64.0
  z: 106.20633559044464
  yaw: -85.52295
  pitch: 8.820839
