lastAccountName: Gamescomjk
timestamps:
  login: 1607746707248
  lastteleport: 1607726933585
  logout: 1607747438155
ipAddress: 127.0.0.1
nickname: Gamescomjk
lastlocation:
  world: world
  x: -7.093410143250706
  y: 71.0
  z: 11.195130340748848
  yaw: 39.708122
  pitch: 12.452861
logoutlocation:
  world: world
  x: -75.69421409709193
  y: 64.0
  z: -195.60093764300765
  yaw: -9.681335
  pitch: 71.0533
