lastAccountName: my_achilles
timestamps:
  login: 1607728890315
  logout: 1607729275506
ipAddress: 26.190.21.232
lastlocation:
  world: world
  x: 139.12775868113448
  y: 89.3580234545554
  z: 3542.247231241664
  yaw: 70.55944
  pitch: 25.540453
logoutlocation:
  world: world
  x: 175.731987589233
  y: 64.0
  z: 160.60944411296157
  yaw: -193.47571
  pitch: 86.42787
